$ANSIBLE_VAULT;1.1;AES256
33326333393438666161393138656465653937313363366239336266646136356534373663366532
3332393664386562656161346565366335343562356638610a366338313038633537363639643732
65376339653865396637646162353364636639626237663361326363303532363034333864373462
3935656563663433350a353664343637396466346138653935333330633161313534326237663963
36373839663264613566633864396335353162313839383035323137333763313863613738373737
37333735353435623337316131383462626564313335303930356431326131393261366330336463
65393465646436383663626138383331313834373564313531623731383136653038316366633364
62653234323761313566623733366536326161613033653931303365656335313334306130343133
30653832663263313365623739376661323834653730353430393635336465386231353663613063
32653937333865376163346465643537643838326433386337623534313531366562333335313464
30303261313134303633353637376266323532343333396262653839323734653965616164633333
36623535306637336166366465653639356161656463303333656530643266396334623466323737
33313434343734643366613532616461643831353833313737353333333863623130616364633631
65376562363237366238316438306430333963313638663334393632616263376637653336366230
34343835336435323363373365626464303965373130653033353439333761316364356133393864
39356664313230373866636536356437663364373936323536636263663035366533326665336163
64346536393732336664383937646435616634363038323666663933373032653364336563663535
66326162383261373831633431383365653537336561363133353933623766613238613834346335
63653235663035396361663830383131363734323536306639636237303737666236633563336464
38393939373036343966343862366163316361656639316262316139633237626366356137373739
33616139386462646139616531333365633830653934343765613762353137366535303630666165
30393237353039636331616666336534646231323437313436633938386337393461373964396362
61356661396264623933333430616436656430306666633161656539323562363462383137356133
66616262613735386465626666353433383833333330346264313066643336303863336464356233
63376565383930633434663665323336653637393436363464623933326232653563393130306565
62306137623735313234646464646263396134346166336238383037356533613461653931626132
38656334306331613431306431663139623366326437666264633234313434396534363632386165
36376435333062653637
