$ANSIBLE_VAULT;1.1;AES256
30343466316232636561326230646533353433343730666663656231643764383261396538396435
3063646235313632643262386330633163383532653439660a393664306435336638333264336136
31616635623938393937623030333862343966393331336163613861613534613938643262333262
3762633432643532350a663363326132383138393866383037633265363535626166313364353964
66643933313439393066313635326539333862633936363037653563336539616261303064633933
31653835623463646264646239363139313336643837386237383962383631613763643337323832
34356337633234623163613164303765333064386235303266393731306135323135623966313261
31633563626633336463306538656531303131383635663162373530653462393837363065323530
34643235313932396131653061383061653663313036643932633439306166363336363063346637
37373661363461393435623734316232383132383833343361623038393561336437303838656665
62323933393061613266313538653132343663326530353362643836633037333033366335323665
61636164313530643232303066333332656239643631316438393565636564383736373836386232
38353631303038633339653837373062393233353932303361353633376665643539333335356230
31373136663064626635613930636364396639656464383536333666643663313162316161303537
65313734656461396162666230353466376433376630653438666539653534643561316333373839
64633133616164663461326564383931653935313430613133323230656566646661386665373138
35643331643130666435636138616165383730393632346338366533306464373239
